Delta y_MSE phi
1.000000000000000021e-03 9.878366911597350961e-04 -5.874017888634848195e-01
1.123324032978026540e-03 1.109296473425351939e-03 -5.877682601365425974e-01
1.261856883066021133e-03 1.244316865463065015e-03 -5.881670507081847576e-01
1.417474162926804808e-03 1.395493236498253744e-03 -5.885862620809066970e-01
1.592282793341093759e-03 1.565831794083987318e-03 -5.890403386733011892e-01
1.788649529057435026e-03 1.758851327155538848e-03 -5.895358223514985951e-01
2.009233002565045858e-03 1.970771671779229101e-03 -5.900653605525449930e-01
2.257019719633921329e-03 2.210943114921187086e-03 -5.906349607274300473e-01
2.535364493970111363e-03 2.479599928740779460e-03 -5.912437821250320358e-01
2.848035868435804668e-03 2.780703784275636442e-03 -5.919081333215716612e-01
3.199267137797384610e-03 3.118466876330607766e-03 -5.926207743464722011e-01
3.593813663804625805e-03 3.496394359115851096e-03 -5.933821084128089174e-01
4.037017258596557745e-03 3.917674829575026191e-03 -5.941959311838167501e-01
4.534878508128581745e-03 4.390896310748871115e-03 -5.950858754640135917e-01
5.094138014816375348e-03 4.920742188156974894e-03 -5.960388159486628146e-01
5.722367659350220161e-03 5.512143080536009883e-03 -5.970568887017089210e-01
6.428073117284318835e-03 6.175872353983248748e-03 -5.981442237703412657e-01
7.220809018385471005e-03 6.917569481204160868e-03 -5.993069278850449155e-01
8.111308307896872294e-03 7.742384561095574241e-03 -6.005754370534471809e-01
9.111627561154887062e-03 8.666796684538692272e-03 -6.019307557685650290e-01
1.023531021899026783e-02 9.699071324648596282e-03 -6.033798745804346275e-01
1.149756995397735633e-02 1.085228606099303099e-02 -6.049243806667139456e-01
1.291549665014883955e-02 1.213685105042489228e-02 -6.066096750320817410e-01
1.450828778495940122e-02 1.357143820091600422e-02 -6.084069814347933258e-01
1.629750834620645114e-02 1.516996809181060321e-02 -6.103251310656871986e-01
1.830738280295367976e-02 1.694872120824760311e-02 -6.123712701668959646e-01
2.056512308348651397e-02 1.893043753442030450e-02 -6.145973153440502657e-01
2.310129700083160542e-02 2.113432710855176269e-02 -6.169707073152338461e-01
2.595024211399737241e-02 2.358222627932507129e-02 -6.194990370121480350e-01
2.915053062825175706e-02 2.630599427311745495e-02 -6.221921215764341095e-01
3.274549162877728181e-02 2.932820961909054017e-02 -6.251182093362757097e-01
3.678379771828634015e-02 3.267826732649411342e-02 -6.282325950396639991e-01
4.132012400115338963e-02 3.638898763529618829e-02 -6.315452695852832310e-01
4.641588833612777382e-02 4.049720906615288107e-02 -6.350669683097431850e-01
5.214008287999684355e-02 4.504145648043435257e-02 -6.388876704491379677e-01
5.857020818056667133e-02 5.006183260055485640e-02 -6.429458740775664261e-01
6.579332246575682330e-02 5.559783059218800783e-02 -6.472541513873077967e-01
7.390722033525783108e-02 6.169774998737477534e-02 -6.518251705951270125e-01
8.302175681319744205e-02 6.840675683027225285e-02 -6.567733688640257084e-01
9.326033468832199691e-02 7.578016604552535729e-02 -6.620173886473119662e-01
1.047615752789665122e-01 8.386763205232992957e-02 -6.675713969295834493e-01
1.176811952434999031e-01 9.272097811811078061e-02 -6.734497497479439154e-01
1.321941148466028726e-01 1.024000295376444325e-01 -6.797964953476770544e-01
1.484968262254464932e-01 1.129590329757717837e-01 -6.865046595262143114e-01
1.668100537200059019e-01 1.244526700109997441e-01 -6.935893317355126264e-01
1.873817422860384885e-01 1.369352127724003942e-01 -7.010656152511997030e-01
2.104904144512019792e-01 1.504649806090463393e-01 -7.091123623047916880e-01
2.364489412645407185e-01 1.650914192975279637e-01 -7.175899434247978714e-01
2.656087782946686682e-01 1.808484713229667473e-01 -7.265130515562198132e-01
2.983647240283340274e-01 1.977887046920905334e-01 -7.358959987899641453e-01
3.351602650938840799e-01 2.159410198926477453e-01 -7.459572381900566596e-01
3.764935806792467643e-01 2.353242350407354633e-01 -7.565159949607529466e-01
4.229242874389498863e-01 2.559472966528952842e-01 -7.675847261868018467e-01
4.750810162102798162e-01 2.778020892013675081e-01 -7.791747767001298008e-01
5.336699231206312177e-01 3.008733801776503625e-01 -7.915469729988300340e-01
5.994842503189409255e-01 3.251470330931102715e-01 -8.044713165729868720e-01
6.734150657750821445e-01 3.504908143000061704e-01 -8.179546963607384757e-01
7.564633275546290836e-01 3.769087191995738051e-01 -8.320025607077229379e-01
8.497534359086447164e-01 4.042508778472381215e-01 -8.466178585740657958e-01
9.545484566618337441e-01 4.324002229404450559e-01 -8.621160880472802379e-01
1.072267222010323096e+00 4.612000345028263171e-01 -8.781945390940338880e-01
1.204503540258782479e+00 4.905222640693949199e-01 -8.948489470949648750e-01
1.353047774579806850e+00 5.201283568224317477e-01 -9.120721703800177549e-01
1.519911082952933867e+00 5.498427889288136639e-01 -9.302214142553284493e-01
1.707352647470690377e+00 5.794836322323960731e-01 -9.489299314923793638e-01
1.917910261672488792e+00 6.087246807015365135e-01 -9.681819928363972760e-01
2.154434690031883370e+00 6.374749994671783382e-01 -9.879589805446233886e-01
2.420128264794382034e+00 6.655030041911187411e-01 -1.008657194553703507e+00
2.718588242732941307e+00 6.924571202542011417e-01 -1.029846996066002829e+00
3.053855508833415389e+00 7.183724867864270669e-01 -1.051502292745347678e+00
3.430469286314919319e+00 7.429810859771606157e-01 -1.073594554835147097e+00
3.853528593710529471e+00 7.662754392390642710e-01 -1.096554946683504284e+00
4.328761281083059131e+00 7.880947175076081779e-01 -1.119901015682189582e+00
4.862601580065353701e+00 8.082400597834378253e-01 -1.143600289209886656e+00
5.462277217684342823e+00 8.271089638725224180e-01 -1.167620003361081737e+00
6.135907273413172547e+00 8.443769622394361463e-01 -1.192423941545439181e+00
6.892612104349698399e+00 8.600227964679200143e-01 -1.217490842090134695e+00
7.742636826811269302e+00 8.745365241602525153e-01 -1.242788855515904567e+00
8.697490026177835176e+00 8.875556163309914481e-01 -1.268287293727766940e+00
9.770099572992251069e+00 8.994720772138236065e-01 -1.294479448210823058e+00
1.097498765493056183e+01 9.101155287034686792e-01 -1.320820101358173959e+00
1.232846739442065953e+01 9.196652680225564369e-01 -1.347282611007180275e+00
1.384886371393873183e+01 9.282020958268781818e-01 -1.373842552607409617e+00
1.555676143930472222e+01 9.357738036364160461e-01 -1.401017674560956605e+00
1.747528400007684013e+01 9.424415048185226240e-01 -1.428249444328473672e+00
1.963040650040270307e+01 9.487001111678916576e-01 -1.455518087049897158e+00
2.205130739903045622e+01 9.544151413042041288e-01 -1.482805498822521439e+00
2.477076355991711409e+01 9.584093397423896210e-01 -1.510648776392727655e+00
2.782559402207124322e+01 9.641447281577262274e-01 -1.538481757117416748e+00
3.125715849688235082e+01 9.665496871436508597e-01 -1.566290738668881355e+00
3.511191734215130822e+01 9.715847224213826072e-01 -1.594063307307583610e+00
3.944206059437656364e+01 9.736130666198035133e-01 -1.622349929306618810e+00
4.430621457583880130e+01 9.761345855300875840e-01 -1.650580443914101858e+00
4.977023564332111505e+01 9.795429679590239580e-01 -1.678745650120601951e+00
5.590810182512222326e+01 9.798744531295942028e-01 -1.706837376361104219e+00
6.280291441834253163e+01 9.888442056241928402e-01 -1.735415025057275296e+00
7.054802310718642389e+01 9.848560205398245726e-01 -1.763906165824725925e+00
7.924828983539173066e+01 9.933042704216943353e-01 -1.792304901156471342e+00
8.902150854450383122e+01 9.816492301010825150e-01 -1.820605814679522982e+00
1.000000000000000000e+02 9.868963685542158082e-01 -1.848804153429801200e+00
